time [sec]	v(v_main) [V]	v(read) [V]	v(write) [V]	v(sel) [V]
0	1	0	0.999947	0
1e-17	1	0	0.999948	0
2e-17	1	0	0.999948	0
4e-17	1	0	0.999948	0
8e-17	1	0	0.999948	0
1.6e-16	1	0	0.999948	0
3.2e-16	1	0	0.999949	0
6.4e-16	1	0	0.999955	0
1.28e-15	1	0	0.999964	0
2.56e-15	1	0	0.999976	0
5.12e-15	1	0	0.999991	0
1.024e-14	1	0	1.00001	0
2.048e-14	1	0	1.00003	0
4.096e-14	1	0	1.00004	0
8.192e-14	1	0	1.00006	0
1.6384e-13	1	0	1.00008	0
3.2768e-13	1	0	1.0001	0
6.5536e-13	1	0	1.00012	0
1e-12	1	0	1.00013	0
1.01e-12	1	0.1	1.02516	0.1
1.03e-12	1	0.3	1.09118	0.3
1.07e-12	1	0.7	1.23482	0.7
1.1e-12	1	1	1.34862	1
1.108e-12	1	1	1.36345	1
1.124e-12	1	1	1.37711	1
1.156e-12	1	1	1.37671	1
1.22e-12	1	1	1.37637	1
1.348e-12	1	1	1.3744	1
1.60055e-12	1	1	1.37206	1
2.07375e-12	1	1	1.36623	1
3.02014e-12	1	1	1.35619	1
4.91293e-12	1	1	1.33484	1
8.6985e-12	1	1	1.29473	1
1.62696e-11	1	1	1.21628	1
3.14119e-11	1	1	1.05605	1
6.16965e-11	1	1	0.707493	1
1.22266e-10	1	1	0.279049	1
1.83107e-10	1	1	0.0789619	1
2.87495e-10	1	1	0.00220488	1
4.63867e-10	1	1	0.00340787	1
6.86262e-10	1	1	-0.000450982	1
9.22051e-10	1	1	0.000168722	1
1.341e-09	1	1	1.24143e-05	1
1.76715e-09	1	1	-0.000101358	1
2.26153e-09	1	1	0.00017808	1
3.06153e-09	1	1	-0.000191086	1
3.86153e-09	1	1	0.000229657	1
4.66153e-09	1	1	-0.000233091	1
5.0011e-09	1	1	0.00028055	1
5.00111e-09	1	0.9	-0.00863351	1
5.00113e-09	1	0.7	-0.0285191	1
5.00117e-09	1	0.3	-0.0671753	1
5.0012e-09	1	0	-0.0948198	1
5.00121e-09	1	0	-0.0955518	1
5.00122e-09	1	0	-0.0944255	1
5.00126e-09	1	0	-0.0925997	1
5.00132e-09	1	0	-0.0927694	1
5.00142e-09	1	0	-0.0917151	1
5.00161e-09	1	0	-0.0911985	1
5.002e-09	1	0	-0.0887263	1
5.00277e-09	1	0	-0.085172	1
5.00432e-09	1	0	-0.0767035	1
5.0074e-09	1	0	-0.0611313	1
5.01358e-09	1	0	-0.0287498	1
5.02592e-09	1	0	0.0341371	1
5.05062e-09	1	0	0.157949	1
5.10001e-09	1	0	0.383947	1
5.19878e-09	1	0	0.686357	1
5.39634e-09	1	0	0.92998	1
5.61028e-09	1	0	0.983652	1
5.88217e-09	1	0	0.99804	1
5.94493e-09	1	0	0.999157	1
6.07045e-09	1	0	1.00005	1
6.32151e-09	1	0	0.999658	1
6.65613e-09	1	0	0.999708	1
7.01531e-09	1	0	0.999965	1
7.69754e-09	1	0	0.999945	1
8.46907e-09	1	0	0.999949	1
9.26907e-09	1	0	0.999944	1
1.0001e-08	1	0	0.999938	1
1.0001e-08	1	0.1	1.02157	1
1.0001e-08	1	0.3	1.07908	1
1.00011e-08	1	0.7	1.20909	1
1.00011e-08	1	1	1.31095	1
1.00011e-08	1	1	1.32445	1
1.00011e-08	1	1	1.33743	1
1.00012e-08	1	1	1.33824	1
1.00012e-08	1	1	1.33809	1
1.00012e-08	1	1	1.33784	1
1.00012e-08	1	1	1.33763	1
1.00012e-08	1	1	1.3375	1
1.00013e-08	1	1	1.33696	1
1.00014e-08	1	1	1.33612	1
1.00015e-08	1	1	1.33472	1
1.00018e-08	1	1	1.33194	1
1.00025e-08	1	1	1.32635	1
1.00037e-08	1	1	1.31522	1
1.00061e-08	1	1	1.29307	1
1.0011e-08	1	1	1.24893	1
1.00207e-08	1	1	1.15818	1
1.00403e-08	1	1	0.9348	1
1.00793e-08	1	1	0.581945	1
1.01499e-08	1	1	0.181383	1
1.02225e-08	1	1	0.0302702	1
1.03678e-08	1	1	0.00399177	1
1.0536e-08	1	1	0.0159184	1
1.07629e-08	1	1	0.000281295	1
1.10034e-08	1	1	0.0014259	1
1.13644e-08	1	1	-0.000748012	1
1.1736e-08	1	1	0.000488074	1
1.24791e-08	1	1	-0.000378525	1
1.32791e-08	1	1	0.000321935	1
1.40791e-08	1	1	-0.000247851	1
1.48791e-08	1	1	0.000214344	1
1.50011e-08	1	1	-2.24004e-05	1
1.50011e-08	1	0.9	-0.00871242	1
1.50011e-08	1	0.7	-0.028488	1
1.50012e-08	1	0.3	-0.067211	1
1.50012e-08	1	0	-0.094812	1
1.50012e-08	1	0	-0.0955555	1
1.50012e-08	1	0	-0.0944356	1
1.50013e-08	1	0	-0.0926065	1
1.50013e-08	1	0	-0.0927786	1
1.50014e-08	1	0	-0.0917222	1
1.50016e-08	1	0	-0.0912069	1
1.5002e-08	1	0	-0.088732	1
1.50028e-08	1	0	-0.085178	1
1.50043e-08	1	0	-0.0767043	1
1.50074e-08	1	0	-0.0611276	1
1.50136e-08	1	0	-0.0287319	1
1.50259e-08	1	0	0.0341767	1
1.50506e-08	1	0	0.158033	1
1.51e-08	1	0	0.384092	1
1.51989e-08	1	0	0.6865	1
1.53965e-08	1	0	0.930072	1
1.56104e-08	1	0	0.983661	1
1.58823e-08	1	0	0.998066	1
1.62467e-08	1	0	1.00104	1
1.66288e-08	1	0	0.998739	1
1.70491e-08	1	0	1.00066	1
1.74728e-08	1	0	0.999458	1
1.79408e-08	1	0	1.00031	1
1.83768e-08	1	0	0.999636	1
1.90846e-08	1	0	1.00024	1
1.98846e-08	1	0	0.999671	1
2.0001e-08	1	0	1.00019	1
2.0001e-08	1	0.1	1.02171	1
2.0001e-08	1	0.3	1.07922	1
2.00011e-08	1	0.7	1.20966	1
2.00011e-08	1	1	1.31189	1
2.00011e-08	1	1	1.32478	0.92
2.00011e-08	1	1	1.33589	0.76
2.00012e-08	1	1	1.3334	0.44
2.00012e-08	1	1	1.32923	0
2.00012e-08	1	1	1.32896	0
2.00012e-08	1	1	1.32905	0
2.00012e-08	1	1	1.32941	0
2.00013e-08	1	1	1.32881	0
2.00014e-08	1	1	1.3281	0
2.00015e-08	1	1	1.32669	0
2.00018e-08	1	1	1.32416	0
2.00025e-08	1	1	1.31884	0
2.00037e-08	1	1	1.30847	0
2.00061e-08	1	1	1.28753	0
2.0011e-08	1	1	1.24592	0
2.00207e-08	1	1	1.15983	0
2.00402e-08	1	1	0.948436	0
2.00792e-08	1	1	0.604105	0
2.01569e-08	1	1	0.17203	0
2.02305e-08	1	1	0.0378589	0
2.03779e-08	1	1	0.0100353	0
2.05474e-08	1	1	0.00160909	0
2.07436e-08	1	1	0.00027808	0
2.10188e-08	1	1	-0.000119613	0
2.13455e-08	1	1	9.67919e-05	0
2.18307e-08	1	1	-6.12969e-05	0
2.26307e-08	1	1	6.81384e-05	0
2.34307e-08	1	1	-4.87466e-05	0
2.42307e-08	1	1	5.97775e-05	0
2.50011e-08	1	1	-4.33507e-05	0
2.50011e-08	1	0.9	-0.00874766	0
2.50011e-08	1	0.7	-0.0284491	0
2.50012e-08	1	0.3	-0.0666789	0
2.50012e-08	1	3.69165e-11	-0.0936235	0
2.50012e-08	1	0	-0.0942018	0
2.50012e-08	1	0	-0.0928153	0
2.50013e-08	1	0	-0.0908172	0
2.50013e-08	1	0	-0.0910825	0
2.50014e-08	1	0	-0.0900448	0
2.50016e-08	1	0	-0.0895464	0
2.5002e-08	1	0	-0.0871245	0
2.50028e-08	1	0	-0.0836513	0
2.50043e-08	1	0	-0.0753579	0
2.50074e-08	1	0	-0.0601059	0
2.50136e-08	1	0	-0.0283117	0
2.50259e-08	1	0	0.0337839	0
2.50506e-08	1	0	0.157395	0
2.51e-08	1	0	0.386481	0
2.51989e-08	1	0	0.704105	0
2.53965e-08	1	0	0.945864	0
2.57381e-08	1	0	1.01286	0
2.60737e-08	1	0	0.996703	0
2.67448e-08	1	0	1.00195	0
2.75448e-08	1	0	0.998747	0
2.83448e-08	1	0	1.00079	0
2.91448e-08	1	0	0.999339	0
2.99448e-08	1	0	1.00041	0
3.0001e-08	1	0	0.999806	0
3.0001e-08	1	0.1	1.02312	0
3.0001e-08	1	0.3	1.0835	0
3.00011e-08	1	0.7	1.216	0
3.00011e-08	1	1	1.31989	0
3.00011e-08	1	1	1.33339	0
3.00011e-08	1	1	1.34628	0
3.00012e-08	1	1	1.34705	0
3.00012e-08	1	1	1.34692	0
3.00012e-08	1	1	1.34667	0
3.00012e-08	1	1	1.34645	0
3.00012e-08	1	1	1.3463	0
3.00013e-08	1	1	1.34577	0
3.00014e-08	1	1	1.34493	0
3.00016e-08	1	1	1.34331	0
3.00019e-08	1	1	1.34014	0
3.00026e-08	1	1	1.33383	0
3.0004e-08	1	1	1.32135	0
3.00067e-08	1	1	1.29625	0
3.00122e-08	1	1	1.24607	0
3.00232e-08	1	1	1.14023	0
3.00453e-08	1	1	0.870925	0
3.00893e-08	1	1	0.498703	0
3.01513e-08	1	1	0.168262	0
3.02313e-08	1	1	0.0227492	0
3.03912e-08	1	1	-0.00243401	0
3.05437e-08	1	1	0.00135217	0
3.08374e-08	1	1	-0.000679419	0
3.14248e-08	1	1	0.000510041	0
3.22248e-08	1	1	-0.00039745	0
3.30248e-08	1	1	0.000332094	0
3.38248e-08	1	1	-0.000253833	0
3.46248e-08	1	1	0.000215489	0
3.50011e-08	1	1	-0.000119026	0
3.50011e-08	1	0.9	-0.00884406	0
3.50011e-08	1	0.7	-0.0286486	0
3.50012e-08	1	0.3	-0.0668648	0
3.50012e-08	1	3.69165e-11	-0.0938677	0
3.50012e-08	1	0	-0.0944339	0
3.50012e-08	1	0	-0.0930697	0
3.50013e-08	1	0	-0.0910631	0
3.50013e-08	1	0	-0.0913386	0
3.50014e-08	1	0	-0.0902901	0
3.50016e-08	1	0	-0.0897893	0
3.5002e-08	1	0	-0.087356	0
3.50028e-08	1	0	-0.0838885	0
3.50043e-08	1	0	-0.0755785	0
3.50074e-08	1	0	-0.0603198	0
3.50136e-08	1	0	-0.02848	0
3.50259e-08	1	0	0.0337094	0
3.50506e-08	1	0	0.157918	0
3.51e-08	1	0	0.392189	0
3.51989e-08	1	0	0.712751	0
3.53965e-08	1	0	0.943985	0
3.5749e-08	1	0	1.01126	0
3.60746e-08	1	0	0.996849	0
3.67258e-08	1	0	1.00168	0
3.75258e-08	1	0	0.998823	0
3.83258e-08	1	0	1.00071	0
3.91258e-08	1	0	0.999363	0
3.99258e-08	1	0	1.00038	0
4e-08	1	0	0.99976	0
